loss: 0.4906344711780548
accuracy: 0.7199622392654419
auc: 0.8559812903404236
precision: 0.04949468746781349
recall: 0.8179871439933777
val_loss: 0.5841323733329773
val_accuracy: 0.6712949275970459
val_auc: 0.8399638533592224
val_precision: 0.043420471251010895
val_recall: 0.8376068472862244
